        76
        730

        698
        272

        200
        127
        126

        600
        948

        187
        200
        236
        373

        272
        69
        68

        34
        244

        100
        72

        MaxStack，我用的是BST和bi-directional linked list

        380
        47

        716
        732

        730
        712
        432

        261
        149

        问题是一个数组 求非相邻的数的最大和 例如
        [3,4,5,6,7] -> 3 + 5+ 7

        Text Justification: 68

        160
        256

        A. 给很多interval 判断总共cove多少位置
        ● B. 直方图接雨水的老题

        72
        716
        366

        366
        265

        272

        156

        46
        336
        256

        149
        200
        384
        716

        636
        69